% -------------------------------------------------------------------
%  Generated by MATLAB on 28-May-2022 11:40:22
%  MATLAB version: 9.12.0.1927505 (R2022a) Update 1
% -------------------------------------------------------------------
                                  

f1 = [679.822 679.94950238 680.07448352000006 680.19694342 680.31688208 ...
      680.4342995 680.54919568 680.66157062 680.77142432 680.87875678 680.983568 ...
      681.08585798 681.18562672 681.28287422 681.37760048 681.4698055 681.55948928 ...
      681.64665182 681.73129312 681.81341318 681.893012 681.97008958 682.04464592 ...
      682.11668102 682.18619488 682.2531875 682.31765888 682.37960902 682.43903792 ...
      682.49594558 682.550332 682.60219718 682.65154112 682.69836382 682.74266528 ...
      682.7844455 682.82370448 682.86044222 682.89465872 682.92635398 682.955528 ...
      682.98218078 683.00631232 683.02792262 683.04701168 683.06357950000006 ...
      683.07762608 683.08915142 683.09815552 683.10463838 683.1086 683.11004038 ...
      683.10895952 683.10535742 683.09923408 683.0905895 683.07942368 683.06573662 ...
      683.04952832 683.03079878 683.009548 682.98577598 682.95948272 682.93066822 ...
      682.89933248 682.8654755 682.82909728 682.79019782 682.74877712 682.70483518 ...
      682.658372 682.60938758 682.55788192 682.50385502000006 682.44730688 ...
      682.38823750000006 682.32664688 682.26253502 682.19590192 682.12674758 ...
      682.055072 681.98087518 681.90415712 681.82491782 681.74315728 681.6588755 ...
      681.57207248 681.48274822 681.39090272 681.29653598 681.199648 681.10023878 ...
      680.99830832 680.89385662 680.78688368 680.6773895 680.56537408 680.45083742 ...
      680.33377952 680.21420038 680.0921 679.96747838 679.84033552 679.71067142 ...
      679.57848608 679.4437795];

f10 = [332.38160638744012 323.34149717944092 314.3785099714587 305.49264476343524 ...
       296.68390155545785 287.95228034746833 279.29778113949578 270.720403931482 ...
       262.220148723427 253.79701551541802 245.45100430745515 237.18211509945104 ...
       228.9903478914639 220.87570268346462 212.83817947542411 204.87777826748788 ...
       196.99449905945221 189.18834185143351 181.45930664346088 173.807393435447 ...
       166.23260222747922 158.73493301947019 151.31438581141992 143.97096060347394 ...
       136.70465739542851 129.51547618745826 122.40341697947588 115.36847977145226 ...
       108.41066456347471 101.52997135545593 94.726400147425011 87.999950939498376 ...
       81.350623731443193 74.778418523434084 68.283335315471049 61.865374107437674 ...
       55.524534899479477 49.260817691480042 43.074222483439371 36.964749275473878 ...
       30.932398067467147 24.977168859448284 19.099061651475495 13.298076443461468 ...
       7.5742132354935165 1.9274720274552237 -3.6421471805660985 -9.13464438857045 ...
       -14.550019596557831 -19.888272804557346 -25.14940401253989 -30.333413220534567 ...
       -35.440300428512273 -40.470065636531217 -45.422708844562294 -50.2982300525764 ...
       -55.096629260544432 -59.8179064685537 -64.4620616765169 -69.029094884521328 ...
       -73.519006092567 -77.931795300508384 -82.267462508549215 -86.526007716573076 ...
       -90.707430924550863 -94.811732132540783 -98.838911340542836 -102.78896854852792 ...
       -106.66190375658334 -110.45771696453448 -114.17640817255597 -117.81797738056048 ...
       -121.38242458851892 -124.86974979654769 -128.2799530045304 -131.61303421252524 ...
       -134.86899342056131 -138.04783062852221 -141.14954583655344 -144.17413904456771 ...
       -147.1216102525359 -149.99195946054533 -152.78518666850869 -155.50129187654238 ...
       -158.14027508455911 -160.70213629252976 -163.18687550054165 -165.59449270856567 ...
       -167.92498791654361 -170.17836112453369 -172.35461233253591 -174.45374154052115 ...
       -176.47574874854763 -178.42063395655714 -180.28839716454968 -182.07903837255435 ...
       -183.79255758054205 -185.42895478854189 -186.98822999652475 -188.47038320451975 ...
       -189.87541441255598 -191.20332362057525 -192.45411082854844 -193.62777603656286 ...
       -194.72431924453122 -195.74374045254081];

f2 = [679.4056379562652 677.74062452546514 676.12028769466519 674.54462746386525 ...
      673.01364383306509 671.52733680226515 670.085706371465 668.68875254066506 ...
      667.33647530986514 666.0288746790651 664.76595064826518 663.54770321746514 ...
      662.37413238666511 661.24523815586508 660.16102052506517 659.12147949426515 ...
      658.12661506346512 657.17642723266522 656.2709160018652 655.41008137106519 ...
      654.59392334026529 653.82244190946517 653.095637078665 652.413508847865 ...
      651.77605721706516 651.18328218626516 650.635183755465 650.13176192466517 ...
      649.67301669386507 649.25894806306519 648.8895560322652 648.56484060146511 ...
      648.28480177066513 648.049439539865 647.85875390906517 647.71274487826508 ...
      647.61141244746511 647.55475661666514 647.54277738586507 647.5754747550651 ...
      647.65284872426514 647.77489929346507 647.94162646266511 648.15303023186516 ...
      648.40911060106509 648.70986757026515 649.05530113946509 649.44541130866514 ...
      649.88019807786509 650.35966144706515 650.8838014162651 651.452617985465 ...
      652.06611115466512 652.72428092386519 653.42712729306515 654.174650262265 ...
      654.9668498314652 655.80372600066516 656.68527876986514 657.61150813906522 ...
      658.5824141082652 659.59799667746506 660.658255846665 661.76319161586525 ...
      662.91280398506512 664.107092954265 665.346058523465 666.6297006926651 ...
      667.95801946186509 669.331014831065 670.7486868002652 672.21103536946509 ...
      673.7180605386651 675.26976230786511 676.866140677065 678.50719564626513 ...
      680.19292721546515 681.92333538466517 683.69842015386507 685.518181523065 ...
      687.38261949226523 689.29173406146515 691.24552523066507 693.24399299986521 ...
      695.28713736906514 697.37495833826506 699.50745590746521 701.68463007666514 ...
      703.90648084586519 706.17300821506512 708.48421218426517 710.84009275346511 ...
      713.240649922665 715.685883691865 718.17579406106506 720.71038103026513 ...
      723.28964459946508 725.91358476866515 728.5822015378651 731.29549490706506 ...
      734.05346487626525 736.8561114454651 739.70343461466507 742.595434383865 ...
      745.53211075306513 748.5134637222651];

