% -------------------------------------------------------------------
%  Generated by MATLAB on 29-May-2022 18:46:24
%  MATLAB version: 9.12.0.1927505 (R2022a) Update 1
% -------------------------------------------------------------------
                                  

x = [0; 0.0526316; 0.105263; 0.157895; 0.210526; 0.263158; 0.315789; 0.368421; ...
     0.421053; 0.473684; 0.526316; 0.578947; 0.631579; 0.684211; 0.736842; ...
     0.789474; 0.842105; 0.894737; 0.947368; 1];

z = [468.381 469.095 474.769 453.178 458.956 517.24 440 389.945 573.897 ...
     499.543 261.778 559.539 670.758 158.723 384.908 899.066 216.489 40.436 ...
     1029.57 534.154];

